102
-493
493
-243
413
-575
132
1182
-888
-668
-463
103
705
-874
-490
-618
-94
-169
-726
-38
718
569
-701
-1312
-291
-245
74
-555
-869
1111
-94
-649
-1002
-23
-598
-1871
-328
75
168
635
177
263
-814
-4
284
1186
375
-50
3
-1232
-799
16
-1265
-511
140
-764
531
-145
-117
419
-52
303
-784
-881
-514
-1008
-75
-372
-380
701
151
159
-227
211
-72
-146
9
-452
-611
273
-604
-178
1046
-102
-64
236
-139
-224
-928
294
-311
-134
964
383
99
-46
29
-415
123
7
-518
-487
553
654
-1010
737
332
461
345
656
-0
-204
-151
653
-517
644
-148
-1004
369
448
661
259
413
-293
-975
-530
-597
408
-504
246
-277
-88
-190
998
187
220
-333
-219
733
411
-347
-371
305
-165
-677
466
-261
636
-124
503
-233
-738
-518
1106
-841
394
-47
-219
-257
-260
-142
-337
354
-416
898
194
-618
18
-189
-162
401
-539
554
-334
-11
-501
601
-229
-201
-266
744
-85
-115
-160
803
-244
451
241
500
83
-264
-888
-346
-620
126
173
194
-347
444
110
-631
-102
-460
595
-184
552
229
760
-161
-214
994
-704
49
-234
91
247
-298
691
205
241
-135
886
-366
-778
324
1137
-416
-203
-445
-500
808
207
93
-350
-126
-348
-43
76
-185
-141
632
461
1204
-792
1078
-369
759
-296
34
165
-493
-481
1011
-374
320
162
-362
393
-655
-67
534
-41
274
-431
-1254
352
208
-125
730
-738
544
619
111
-208
6
702
-69
770
222
333
627
-780
33
-675
330
410
303
42
285
-130
203
439
-291
190
238
-35
249
81
1192
846
-359
-623
700
-17
83
-726
-777
-203
131
1215
472
263
409
-166
-665
-313
805
37
287
779
894
127
148
-326
870
302
152
-150
-266
-577
-166
-257
260
573
181
319
557
-296
911
261
-822
-141
-134
-809
-186
414
-927
-187
-520
-829
-874
-75
388
-786
90
-565
4
213
-477
375
195
-193
-339
-632
-968
608
341
-283
-444
-773
576
-315
300
-516
-399
91
-279
-413
-282
333
-1192
-533
569
-135
-1071
11
273
-890
10
-483
473
630
-515
-321
555
433
447
-128
-796
31
-86
268
339
-337
-407
191
-305
421
-196
-1528
301
641
-875
-30
-521
388
-112
-269
-30
-1059
326
295
8
513
380
112
-1367
142
73
127
269
523
342
591
-729
88
571
860
-127
-621
41
246
-44
-533
244
-159
-578
245
42
-1669
856
-258
-140
-126
921
297
-112
446
687
777
-230
767
839
-366
-44
-441
-26
713
-764
15
-499
907
201
303
-592
79
430
317
314
237
-98
-972
-369
183
-387
25
-344
416
-349
1144
-1322
-452
-493
-385
1129
-528
-218
-232
-635
-635
-316
-241
-645
428
-104
-384
962
-263
-188
-1533
726
193
-982
419
-976
-274
241
-240
-8
147
1281
-15
-184
-5
-540
998
-128
134
-651
298
577
-51
-15
603
6
732
-7
110
249
-137
-78
-368
622
-262
-193
-256
-7
603
-10
671
438
714
-25
294
335
610
906
33
636
-42
-546
-112
540
-1081
790
941
515
65
352
-64
-488
178
-318
-673
293
515
-12
156
46
286
-501
-62
-606
-111
299
-59
979
315
68
278
-338
43
-800
130
512
262
-502
-32
547
-597
383
160
-60
-283
137
77
948
25
840
-293
-364
-1137
868
-955
-182
241
478
218
-606
98
-178
-220
-12
183
-216
-436
204
-379
-343
244
-242
-343
-1483
-869
-58
-276
371
-171
-228
-42
731
-251
-1212
175
509
672
435
163
604
101
143
118
-519
30
79
125
672
526
-67
-21
524
-528
-238
-608
111
-273
889
-914
584
-828
41
-138
435
70
-46
33
424
-72
-649
-171
244
-300
209
-109
737
-440
255
-652
10
-47
61
-334
-283
460
275
-314
82
-558
315
-56
-262
-649
316
-11
888
-3
82
421
124
-303
-262
102
-75
32
315
-281
237
-726
173
-1186
-95
143
477
-351
-465
-621
-921
-232
573
452
606
-1065
-1113
-490
-229
-791
62
619
-243
-367
115
-38
-305
401
406
26
307
-55
66
-531
-993
295
558
-499
535
-16
88
-29
1596
-262
344
227
55
-210
449
1
-483
-91
248
-128
749
832
-146
-330
-769
421
-94
-201
-399
1424
-387
286
-80
-898
-97
-632
330
829
139
40
-158
-336
-117
612
167
632
-260
122
140
-56
-104
106
-57
1089
406
-115
-184
23
565
377
-1060
-215
-246
853
753
144
298
644
716
-245
126
-238
607
1082
47
-244
-747
-697
-169
-132
726
164
-224
560
435
-740
451
-1209
25
-72
8
632
-213
1018
94
207
41
-205
-201
-495
-509
-29
-158
119
406
-29
275
65
-74
42
684
685
538
87
856
197
-179
764
-62
442
326
-71
558
684
-416
-339
-136
-492
-341
-60
-530
49
35
-519
540
631
1032
-705
304
33
1029
54
582
5
455
-314
421
-262
624
86
23
620
689
388
-127
272
693
-701
823
201
-504
724
-523
771
282
390
-689
148
-85
-243
435
-214
824
-567
397
-1048
856
-870
568
-484
-301
863
38
-409
-644
-991
-106
-523
276
311
-138
614
-414
-483
712
446
616
10
396
698
-944
749
-228
-339
-487
579
860
330
753
-572
-466
-516
-214
-86
150
343
485
374
578
-375
-132
-415
-375
621
221
-745
-371
173
532
424
574
-319
338
-513
-391
699
-160
53
102
-89
-292
813
-46
-45
-194
-159
36
155
1091
-31
-168
-780
52
-162
272
284
-926
328
453
241
939
6
-54
298
-40
190
-243
-1478
362
146
-59
-87
536
440
-187
-745
1125
273
-310
64
200
-621
162
151
287
445
901
-566
-370
-340
117
445
-466
-247
598
455
-47
22
63
773
132
157
2
-541
-26
-886
-490
214
376
-118
-674
-753
-107
317
-224
66
-595
-191
412
-713
-248
480
-577
72
-656
125
-633
-70
-258
358
-277
-10
616
623
-486
49
599
-524
-468
-129
543
-251
-315
86
-50
-250
-1085
-403
973
247
879
170
-636
151
-377
54
218
144
-45
779
755
666
375
557
-139
612
-62
-294
916
211
-267
569
384
159
-49
448
219
255
-1130
-592
36
-13
-446
908
510
-29
885
214
509
778
557
82
-669
647
-242
197
1287
319
-94
161
504
9
128
278
551
441
347
-274
455
-589
113
209
284
-424
-307
-149
1055
627
553
125
-513
271
-350
344
-133
536
935
277
310
-229
-826
150
307
-384
30
336
174
235
913
500
-306
-9
-443
181
299
-774
-477
323
358
90
-647
-823
-540
41
3
-343
15
441
-223
-78
-731
-472
34
262
-455
366
283
5
-116
-510
-338
532
118
263
-576
662
321
454
-268
-575
44
521
-505
135
-886
454
946
68
343
259
67
614
311
439
281
115
-272
176
-136
-510
5
-178
291
176
-495
232
-611
-12
-621
301
314
646
480
875
-134
477
102
117
-90
-27
-748
243
-691
-653
-79
-819
317
606
-13
-66
-127
725
-335
-710
-225
-405
-888
8
562
-500
-553
718
-172
90
-277
317
488
249
-210
296
-711
421
405
-336
829
117
-354
626
90
125
116
357
866
-472
-273
97
34
354
-651
-263
392
-516
-632
-422
101
110
-424
459
-227
-402
372
394
-1328
-127
40
-298
-512
-581
1101
196
98
-395
-178
-123
-77
75
-193
-744
230
-120
-463
-875
810
-496
-395
-516
-53
106
241
-367
249
-1372
-724
-113
443
269
146
468
-67
279
-244
-138
348
-579
-32
141
6
-483
-553
222
-98
-114
-171
-442
-208
644
-544
-357
335
144
-195
675
729
363
-228
-652
78
-649
-192
498
-501
276
-141
666
-850
-231
290
-533
-58
1073
-64
401
-577
-1291
191
524
-272
402
-492
972
-352
547
-210
365
-3
78
-830
397
139
194
-253
-340
158
613
84
-614
392
-95
-90
-198
222
-132
406
151
-486
-134
401
147
501
-44
503
-649
626
695
494
211
-63
63
380
621
420
23
-70
-224
292
-686
43
574
257
139
441
-216
291
-260
-526
160
-15
54
424
248
162
363
-556
-245
694
1443
-548
806
16
727
194
485
856
148
-386
217
-849
-1563
-422
-55
305
621
461
294
-49
-443
-179
6
-61
-133
460
-446
432
667
951
-362
-186
-462
360
607
-1134
-140
-307
958
-668
-633
380
196
-862
9
-638
-217
-217
-636
686
478
474
456
-1154
360
385
20
480
524
-450
-1504
-491
257
-109
382
194
-310
-414
-1144
-149
13
-23
-423
400
-3
-423
169
492
-366
208
-249
-184
711
7
-768
600
-117
-252
624
-845
-401
348
129
560
438
-735
-46
40
-414
-21
768
747
-626
-573
81
-58
332
326
374
72
418
-725
-88
608
-157
89
-98
532
-166
-549
180
-234
745
486
719
642
-301
-653
602
-269
880
-196
-436
275
31
623
-898
1212
149
-218
-737
494
-237
-393
171
276
377
435
346
-626
-294
-354
-313
127
183
-185
-19
972
-507
-156
-110
79
1312
605
-331
566
-94
53
37
-849
-217
-565
-698
-216
278
513
-434
-661
-2
494
932
-624
985
-452
-346
405
-900
249
-863
337
202
759
881
165
-391
-507
-20
-21
66
36
-556
578
343
-210
-27
-100
-338
-1093
-213
20
-429
-323
-829
-102
-672
192
-404
413
-78
774
-260
-652
-22
-915
-209
-20
-350
94
596
-786
-82
-311
568
-144
175
39
430
205
572
8
160
416
189
172
940
180
436
353
-64
12
-1459
379
-374
780
737
-308
-212
-256
208
-699
558
252
4
-107
212
-233
-204
34
241
414
-536
-855
-1140
367
-469
-268
-814
448
723
306
-487
444
-223
175
-577
194
198
600
543
112
-76
-613
-200
-239
563
-416
-455
-8
725
-20
529
-132
62
170
-412
395
1170
-10
296
360
-858
-438
142
-491
280
158
-1099
-364
-693
-715
-187
-1035
94
-858
-849
-111
-184
533
-63
-340
-1143
455
-317
-296
-54
378
847
502
-125
-432
-9
-210
-111
-29
453
-203
-673
-546
-54
-77
-301
28
786
130
740
588
-126
-405
-96
417
-637
-3
305
-408
555
1056
-243
-211
-13
119
-391
685
-128
-187
-738
-348
998
-490
729
-990
-1007
-1292
-1134
542
892
430
392
1095
-466
519
-177
633
515
577
720
165
-491
84
-396
275
650
604
-866
117
176
-457
1257
242
63
-484
-535
576
540
-90
-542
1122
391
-115
270
220
1068
664
-831
437
558
5
-257
-98
-481
-507
-107
511
-364
-169
-946
-696
663
375
-440
578
429
-555
510
36
161
80
432
360
321
-951
356
775
204
-174
-118
149
35
227
-219
-455
-451
230
321
-357
1253
-111
-773
-452
91
5
764
-563
-272
13
66
-12
261
1053
280
-247
83
1063
1072
657
708
-796
-20
287
-436
-413
1127
761
-561
-439
-44
-333
346
825
284
-225
-120
469
-280
-466
990
-521
197
-172
-310
158
1073
-665
249
-934
-559
493
533
674
373
-719
130
553
825
-799
-751
-109
-1050
608
-656
373
-136
77
-770
-401
673
143
-771
504
21
500
-290
-1279
-222
-111
-151
874
-28
94
-567
22
-484
646
1464
265
-177
125
-357
500
-234
-310
-301
12
-56
-546
946
-85
-345
817
-974
295
-288
320
-29
10
-25
768
-327
377
-54
-256
-469
680
403
733
204
-351
-18
-915
-146
-93
-633
794
120
1029
27
31
254
-29
607
-505
411
499
-84
-491
-4
160
-216
246
-450
999
-104
233
-842
-1287
-646
-783
-216
302
-232
-927
22
425
411
166
507
-1192
689
220
-151
-227
-237
141
529
309
-644
-660
-245
851
45
241
184
213
695
-301
-108
283
-390
322
-385
167
-370
79
434
-185
-215
15
-46
279
777
177
158
607
520
216
-443
-164
76
915
990
-168
-255
69
-1464
-496
-801
-136
310
269
58
-536
673
-701
581
-33
781
68
-45
146
-649
309
-1039
-147
468
-819
613
-546
-609
-561
505
402
235
-519
-115
864
705
884
1044
484
-300
-903
-54
-277
867
853
-197
449
-485
511
28
930
417
-246
83
147
103
-136
-617
-47
511
-116
314
-355
571
-228
282
54
174
241
153
-682
548
-329
259
355
-395
253
674
-780
-430
584
252
18
-1402
-397
-180
-509
-1264
-271
-62
1008
763
-356
374
-605
98
-196
-483
-787
-726
-153
183
359
-420
-509
130
193
1065
1304
-943
237
-146
169
-930
-479
-589
405
-55
375
-807
-481
1224
244
-477
274
-175
280
-105
73
328
1175
976
-143
563
618
279
-178
-689
-666
-6
-418
421
-39
-353
50
722
967
101
-920
-312
-312
90
324
-577
562
-454
213
99
119
-296
1053
-747
23
51
-786
722
245
-357
-747
379
-1221
145
-203
-728
-271
180
-104
199
-511
-466
197
824
78
-421
912
-563
-9
-714
-254
38
810
-45
-643
-224
146
847
405
20
-141
-340
-915
-224
625
-188
-98
84
-510
626
-142
-468
496
-117
-142
565
551
342
422
251
-239
349
78
63
70
-173
51
465
-113
-676
167
1147
324
701
-1036
45
-599
-528
421
-71
98
-479
-728
-81
480
-469
-97
656
-520
123
185
80
48
-79
-183
-76
380
-515
476
-420
120
-71
737
487
-53
650
-210
12
587
-4
-431
-469
-1442
1002
9
380
698
64
-596
83
730
396
-546
641
-191
163
-290
-87
-236
328
850
291
-71
-258
460
-165
-353
211
-898
536
1822
409
-212
-36
370
-144
664
980
-366
313
172
-98
323
243
82
605
-593
467
117
-9
212
314
160
-180
-171
-630
-594
912
-598
-137
25
522
1236
458
-170
-198
307
-124
177
1007
-39
130
400
-1153
44
1054
-85
928
1054
466
309
-234
316
297
49
-227
-663
268
3
184
-273
-769
-571
807
-62
-1193
-44
227
-464
121
-33
-268
235
-76
-203
228
329
-275
678
194
-356
289
-22
-862
-139
-38
-172
513
142
276
3
-655
-317
208
729
-427
595
-304
305
-391
-1089
172
-59
253
833
-94
-344
586
194
-944
-281
-526
700
-428
-116
362
242
244
-94
59
2
-340
148
113
814
-320
324
536
-261
-184
772
183
579
132
156
163
367
460
-594
158
-526
791
178
35
-286
481
-318
304
306
-149
20
-297
1052
-96
-307
287
-36
115
173
-153
615
-179
275
-43
-43
621
-633
-268
530
77
-123
-419
692
362
-156
-435
184
61
856
-911
-1101
791
181
120
-450
-12
616
357
-784
886
-560
-221
-200
121
350
77
865
206
134
1075
-443
562
482
1248
52
-1247
-595
-854
-235
-409
192
-177
-439
395
871
-381
-47
-309
-193
-636
-198
-91
-488
-1013
533
473
182
-859
121
576
321
397
-161
476
203
-580
422
774
-431
-715
-985
1182
564
-10
630
359
173
961
1332
-105
169
595
-346
-6
13
41
-149
352
548
379
-287
-157
-724
1093
365
-1474
-751
649
-560
-889
-703
2
387
78
77
-441
52
-615
671
-347
916
485
463
-376
-39
460
-13
684
-101
-257
-136
124
-777
-26
-197
-9
143
48
-181
-814
153
728
184
-315
47
-467
-148
-167
-105
81
756
269
-209
587
-84
-300
-78
-394
-122
-241
83
-304
-274
917
-220
-83
117
243
922
563
-84
-320
-473
-1
159
-261
-45
636
563
-114
200
656
443
252
-525
227
-647
526
67
162
1039
648
477
-438
146
-46
229
-947
-289
-563
49
787
-81
-278
-716
334
-129
929
300
249
110
-807
-346
89
593
-122
-240
627
-146
-318
-364
333
372
582
150
-640
88
342
-233
-158
-290
-410
-20
621
415
611
37
325
-477
-43
391
72
730
114
39
-79
356
-255
26
486
-237
90
500
-371
195
177
-222
297
22
-35
-509
-856
-153
-190
69
251
-378
-66
618
58
-652
896
440
623
-743
1045
468
-86
-23
-178
98
301
473
284
294
-244
-122
-388
-629
378
426
77
385
305
-490
-72
120
467
-61
132
298
220
-186
893
345
-1013
599
272
793
299
82
-1063
1124
327
283
118
-365
-47
-358
527
-70
-854
-89
-49
478
-332
267
237
430
-453
23
133
-178
361
406
-118
-188
1042
283
-58
624
440
851
239
-590
312
-999
-200
-236
-671
-54
-1593
-202
-484
195
-346
560
1
-153
-1303
1604
137
816
50
239
649
-444
-374
-290
413
129
-592
-368
735
-515
-23
-702
-494
-67
-1034
-149
-774
-221
239
-49
817
1118
-0
-826
46
3
-522
578
442
-154
40
770
425
-210
-311
-176
-198
6
-131
253
-420
164
-77
72
405
-527
-324
-1856
242
459
578
-517
319
-43
-780
540
444
-353
355
333
-669
-83
359
-193
4
-536
-864
70
1093
-177
138
232
267
349
74
-544
-103
-137
-507
-423
766
3
623
-346
-511
-315
-535
-114
-33
914
415
-685
-100
-672
-431
516
251
-398
-103
755
161
643
44
1086
-71
506
907
1505
256
274
-237
539
50
3
-82
98
-204
-586
604
-893
-609
-912
-10
403
201
-565
-27
-71
-295
-584
915
-80
-21
666
659
455
-144
47
342
900
-2
150
-670
195
295
-11
-98
688
-521
312
-166
435
846
-663
-158
-640
174
-704
-78
-437
701
1451
-208
784
467
932
-122
-532
-299
12
-105
220
636
853
61
-527
94
-279
75
-167
-613
627
122
566
571
206
271
-118
-636
-590
684
-141
370
-259
-255
363
748
703
-748
-252
-326
374
-702
612
525
436
-756
-1205
90
-80
-565
655
1487
273
348
-326
-1303
723
133
1490
-500
116
8
715
77
-356
-840
-34
130
1218
-763
1453
-192
-52
-1137
-1061
-181
80
-202
-134
-542
-186
-368
482
-94
16
-590
-304
817
-90
283
295
-506
-407
-231
153
-525
382
-567
-468
-205
-728
415
-257
799
-4
-839
1107
556
961
461
273
976
-329
27
-263
776
-454
21
-614
-288
431
429
-197
359
-157
352
-825
165
573
529
162
-286
-29
284
-932
-77
223
-130
-22
-153
26
870
43
264
918
15
468
233
-1107
-803
-408
-89
260
-212
-664
769
887
154
656
-696
443
-837
1056
-157
539
-273
434
-726
-680
-288
-348
205
957
-164
833
-98
-1157
-215
-263
-415
-809
-350
473
-939
679
-845
50
-882
-698
-226
104
-487
335
-289
-498
-51
-384
538
-932
311
-635
-9
918
719
-1198
4
182
-74
-358
158
-550
155
444
81
303
-659
-344
-101
4
-677
109
650
-92
-39
454
-580
-304
-517
-95
-391
707
136
-435
427
-454
-82
-545
-588
-729
-882
-271
-146
380
377
-387
-233
-819
-5
-371
45
943
390
-181
-173
-25
-164
545
151
921
-131
-250
249
294
274
412
-42
-275
497
-151
595
492
253
-447
-549
214
554
-5
-115
368
332
-275
421
139
274
837
539
-635
6
-1011
-960
-501
198
-132
1054
-226
-21
-50
-267
-888
-781
-856
561
783
792
136
29
39
-461
673
-897
-528
-91
-601
-476
520
-8
219
-211
701
216
-157
353
-149
-7
-89
359
263
264
594
474
422
-1054
-511
-781
136
-195
430
4
157
-220
-441
381
-624
376
-169
1171
122
-742
-716
-204
-337
-285
-299
-49
307
-913
-204
483
234
445
915
-503
-1169
330
251
-691
-898
728
-671
146
29
310
43
159
673
272
171
-580
-333
-763
179
468
236
578
483
88
532
-1113
-331
560
-128
447
519
-411
60
720
390
-163
143
-865
318
-651
-401
51
572
-344
-140
303
-381
-546
924
355
205
134
249
-428
-633
504
1088
20
25
-72
98
-310
-516
351
273
-285
-136
392
1171
-381
106
1114
-12
-602
-902
1062
-733
1147
232
147
-195
-765
-269
258
937
201
105
150
-262
-66
-16
-42
296
-273
65
-236
-268
-726
-530
-218
276
88
-569
-315
79
-477
46
539
63
418
2
783
449
-486
687
-53
489
-23
-43
-255
-542
-11
-145
600
67
-486
274
120
-12
868
1043
-708
-749
255
930
-365
-937
730
220
-78
-180
469
-476
-576
-221
593
-353
995
222
-157
-259
12
41
24
-146
-47
-679
636
412
132
-48
-146
3
478
232
33
-417
-228
-854
-281
-604
-35
-230
-94
-677
-230
97
1155
79
922
178
-521
-803
155
-86
1259
-495
-608
1014
-208
-282
94
318
124
262
193
-104
582
337
-330
-122
274
134
-539
-551
525
336
567
-1175
620
413
777
182
-114
-192
242
-537
-149
1056
96
-89
-352
160
42
497
-372
415
37
-546
-362
-293
471
97
-657
-322
384
185
364
419
-527
-355
-189
607
-235
-1095
98
-876
784
168
1145
383
-318
65
245
-228
472
-676
169
-260
-375
683
202
62
485
29
-898
564
-372
-251
-624
-888
-512
-89
122
-57
-665
-392
-258
-157
575
-711
-52
-101
-106
-746
-827
53
-380
-361
339
-260
96
415
-470
933
-454
-169
-128
24
-332
-399
300
-962
-449
-310
-328
-706
-273
926
-1035
-103
163
-908
-289
-1207
-493
943
395
-391
1040
266
1186
180
-24
-268
-298
-415
165
663
-767
296
-230
183
756
-58
-133
352
-402
-117
167
396
16
100
-560
258
476
-963
113
-460
775
175
667
-729
969
921
616
-40
399
1159
-555
442
559
874
143
-525
552
-104
205
-903
-283
424
797
431
-212
-14
217
1309
-760
285
570
-550
470
-167
-601
-178
196
-880
73
352
-478
-308
504
-560
-910
-228
-1125
199
313
-682
-301
-623
364
404
883
12
-119
280
-58
-163
-560
-502
-168
517
-339
454
25
479
-678
-667
867
152
-744
-737
-391
-388
463
403
-11
-830
-87
-117
-308
-673
492
367
435
-401
711
232
210
-300
-570
-497
-132
424
20
302
218
-230
941
275
-446
770
378
-66
518
651
458
245
-512
-823
447
-320
160
142
-300
108
224
436
364
-215
-355
67
-4
622
351
42
-154
-108
-140
-890
65
-256
437
253
-817
27
-26
159
66
424
-212
216
331
334
565
-240
381
-263
-54
449
-182
-616
361
318
106
1325
-34
-31
-346
-600
-520
-737
25
-72
149
857
1090
93
-467
-61
817
238
-194
281
-75
419
42
-419
550
37
530
264
208
1283
-266
157
42
48
-437
-807
37
577
-444
-267
-754
-263
142
-397
582
-734
835
-282
620
-287
670
-261
436
-473
-739
58
393
10
466
433
537
-231
305
229
228
146
438
517
-113
406
73
834
129
-103
-393
-244
680
-250
-56
519
1059
-977
110
-196
482
-193
311
-370
-440
656
-1056
609
580
625
159
211
-153
495
400
259
672
-201
-71
141
305
-97
496
184
334
-588
-148
-617
259
-223
955
-574
372
-1274
162
-730
99
789
-335
287
-1131
87
-708
324
-12
-71
396
125
-143
341
-265
141
712
-756
-47
-343
-61
-538
1024
599
591
-213
518
-393
683
-101
536
-773
410
-757
111
-770
-423
742
327
757
-51
157
16
-548
237
-472
22
-479
-94
324
465
119
-185
-137
27
726
-485
229
-227
-108
-877
15
208
-147
-276
383
105
-42
-128
-64
1063
-784
-66
41
22
-662
187
-876
-260
635
-570
-591
-259
189
346
21
920
-575
61
-486
129
223
188
719
170
-46
-581
-313
892
-200
-307
-474
-24
297
323
124
-312
-396
16
337
264
-254
83
-808
-1095
177
697
51
283
-1139
-344
141
217
38
273
-89
313
-469
-318
-713
-290
523
147
-792
-648
2
455
689
325
625
-160
-216
-182
-363
17
-174
-768
-86
-113
-118
956
410
283
887
-395
-745
125
210
627
-365
517
-229
-294
-408
-86
328
713
-76
315
182
-303
208
-498
-231
891
-63
-374
-77
1
197
645
-435
-586
-131
-388
55
-362
134
-605
-365
109
-817
-724
-883
-684
656
627
395
641
-449
83
597
219
-1081
-273
-184
267
173
215
1088
66
-7
-124
-239
-489
-1347
-773
-283
-476
936
-568
-260
-10
151
-45
-810
327
-34
-494
385
398
205
523
-489
81
-162
-404
-62
1186
-276
-782
43
-412
336
260
-211
94
-38
217
-135
246
102
191
81
-285
-420
-167
338
229
306
1374
400
-227
126
-812
666
48
-1421
557
-273
233
238
182
-1161
1753
-423
321
760
65
-356
598
223
-504
570
501
-428
191
96
-329
629
-101
325
-67
225
361
143
291
-484
92
357
-1014
107
335
-954
-315
-903
67
47
-83
257
15
569
144
146
715
114
461
-584
-623
-8
-124
-477
-179
-104
-324
330
-393
-89
-174
-677
775
15
-568
-224
70
-1098
252
-226
-27
-194
-531
-656
78
-710
314
443
-652
98
882
4
204
233
127
-90
97
-353
298
-11
-191
-1221
296
242
-333
887
-25
-404
-406
703
599
407
-181
-282
-233
-288
-198
-126
215
-491
-111
472
-186
465
-206
-126
101
-98
1033
-29
157
584
1462
-81
389
687
-93
-861
-647
282
-165
-113
160
220
-449
-17
81
-155
-281
-208
724
-350
562
-23
-566
-403
-54
-689
-36
599
-305
-552
-687
613
-261
199
-22
-301
61
-1076
642
-280
210
-487
179
-1094
816
-98
-333
-116
375
120
-258
349
-85
-605
83
4
425
1235
-505
896
-707
109
514
-48
157
-470
573
-285
147
643
315
421
-25
1194
560
195
67
186
-596
-168
366
499
318
-851
628
-764
-414
-407
-319
-978
621
-5
201
-586
-391
1268
-508
-284
-227
-312
123
51
-39
-197
1260
-268
130
-62
-315
190
377
262
303
574
713
-515
-65
-513
-615
828
-787
-256
370
-122
-325
526
258
343
525
607
-413
578
-161
-371
84
-235
-494
698
-542
404
244
-91
-709
490
69
345
-389
300
430
282
-187
-358
-17
427
-556
118
22
-590
-372
576
245
689
-110
322
-37
-67
-201
-426
-391
354
106
132
-115
604
226
339
-724
334
756
333
44
-778
245
-219
435
587
-182
34
216
-544
645
137
-479
-768
465
-16
-267
102
-269
304
-103
419
145
-485
-1070
-24
-187
949
-390
-717
-115
-9
376
-138
-660
-538
116
868
-721
487
-19
259
-505
282
-951
-29
-290
-287
409
-891
622
-389
-384
486
1022
642
-867
745
-210
96
-283
71
116
475
1000
601
85
501
-831
-29
174
-281
-2
758
407
-466
863
-1219
285
654
-226
-495
-181
494
-397
-252
9
-1013
349
-690
51
37
271
-318
-429
-176
-952
-570
-104
-93
-1018
268
1124
-124
-516
592
515
412
-107
-232
-26
-143
158
626
-301
-28
-564
-153
1291
617
528
609
-101
40
122
-534
829
-614
277
645
282
-858
275
-280
216
-478
-18
557
-159
-183
-391
-1204
428
-25
-78
-104
-556
-419
608
498
-318
107
4
-1007
43
1041
677
259
-667
-264
-1351
-512
331
675
-817
850
466
-937
558
-25
525
-77
135
1161
89
95
-214
278
-738
194
882
-819
63
337
-966
-101
-106
280
346
-37
-754
-286
497
230
728
-711
241
-1083
440
-361
577
-1169
-99
-187
199
-367
475
-152
268
80
-370
419
-380
148
383
1380
-323
814
-141
197
-36
-521
179
-171
-589
47
586
-525
-428
-178
62
418
-568
-487
766
192
-81
-510
479
318
93
549
-113
-210
135
-338
-647
221
-416
1356
725
1024
14
175
-23
-504
-50
-196
591
-33
-101
840
240
159
195
-260
297
-613
75
1042
306
152
659
-23
-815
151
906
142
-379
22
-573
-564
-252
-53
-455
447
-196
1026
748
169
405
-547
52
83
-236
-83
-988
1015
187
160
257
481
-135
778
-931
-224
98
-277
-207
176
408
75
-465
99
306
170
-467
-1169
-87
-303
693
639
-1356
-701
-885
-492
-203
-122
492
-213
-258
-389
1292
180
284
-360
-417
340
-213
-40
-407
313
466
304
511
439
211
-27
751
-225
-114
33
151
704
-150
-278
11
-1103
-353
-237
328
-316
177
-101
-454
76
-848
-187
459
-481
561
-955
-275
-535
669
21
268
-206
-681
195
686
54
-838
-174
30
-178
27
57
163
503
-595
85
700
-685
233
487
208
24
736
-433
638
57
327
-681
-276
-5
-812
536
-295
-164
794
369
934
105
-296
-45
-113
136
-1257
664
-670
354
102
422
682
740
-444
-162
-683
-171
-501
1160
-195
-14
-162
825
-96
192
-103
-395
-461
235
-245
-1225
26
-528
940
211
-6
-100
-288
-83
-229
-484
-1459
137
-842
971
356
306
358
-294
-151
532
100
-1020
594
-225
783
279
-222
-90
-127
569
-271
138
-1300
85
51
311
-472
-811
-731
-726
461
459
-4
413
820
-404
105
-358
-636
-25
-120
-124
-316
303
-391
484
653
-387
-62
297
365
-489
-166
-72
66
-4
178
-671
207
499
1344
114
-329
-29
-223
168
452
-166
212
514
-332
-59
345
-131
-509
-125
252
-403
-180
-28
335
-279
-489
-386
375
227
326
-407
-33
30
-461
-1011
9
29
726
-839
508
50
-860
106
50
663
-1103
-475
-475
-76
-349
767
169
467
-732
247
-481
-74
273
285
-1
361
-557
-258
-188
-330
783
-589
130
217
-274
22
-204
287
-153
381
202
369
168
-973
173
-694
-11
-658
-448
764
-371
289
-431
75
339
-212
387
202
-1090
477
497
-738
-752
613
-173
-45
278
57
386
1305
192
-67
-142
194
573
374
-110
4
-936
303
-599
-261
733
386
661
-111
-72
-6
29
-562
-439
261
-7
-220
-565
315
153
-849
-63
607
351
327
192
98
-999
92
171
-213
320
606
-393
796
78
-456
-258
-330
-307
19
-366
-164
-237
-283
-47
-221
-847
-434
-81
-344
-203
564
63
179
-95
68
-251
542
82
-454
-178
873
482
-83
-823
-651
-432
-169
299
-166
-40
-424
410
-825
-384
602
-730
125
-20
619
137
-363
-835
692
642
-19
-372
-777
-88
-385
-141
-156
-237
-68
-132
-672
482
-79
-457
229
-211
446
305
-217
-247
-574
-766
-156
-421
1484
-285
418
-208
-136
-262
722
-28
-144
748
53
-245
140
-162
246
-16
-529
202
551
-380
121
-342
-827
257
271
1309
-201
-215
671
-312
191
-42
-989
-548
-424
504
-403
-212
507
782
-553
-926
-346
547
-292
446
637
2
-679
685
-86
402
-197
31
899
343
399
140
395
314
960
-41
-693
-357
-685
23
792
-261
260
-409
-344
469
-76
-963
-801
1076
-830
547
-208
443
431
-33
-182
21
-221
279
106
-5
948
711
-77
66
586
-142
-55
268
34
-495
-455
539
263
113
-462
145
-811
-872
159
-242
-196
652
-208
105
534
-228
249
189
-376
-123
541
-365
-234
342
35
512
-137
146
-222
226
74
-7
-73
-295
-161
649
547
-877
40
189
54
55
59
368
827
-157
484
1028
640
-733
222
-945
408
505
372
512
541
501
656
97
542
-347
-1237
-659
-141
-9
-511
-172
-338
964
702
-870
-943
449
537
87
-206
-24
-455
125
716
-499
30
807
193
686
538
-635
-169
167
263
-658
215
-83
710
-257
489
806
-432
-973
276
-116
-459
70
-528
601
698
-31
87
531
-372
756
442
-653
-282
-839
-696
-281
-474
-285
205
887
442
651
-376
46
-466
-710
101
711
259
-119
59
-228
22
-21
275
188
26
280
-352
100
-94
-979
-1208
930
559
147
-619
-361
-547
-202
-165
217
1042
-130
1208
785
102
356
-99
-602
863
248
-89
245
234
-745
331
422
-602
310
395
-688
83
289
326
145
-274
-833
819
633
-515
-630
354
-501
481
752
86
519
-265
-719
-660
-402
-488
-761
-378
-289
88
-892
325
-241
312
-861
-57
89
-0
-186
-1089
-572
282
2
669
188
-277
-554
747
95
-288
742
-57
230
54
-102
482
535
-338
-525
103
-370
-384
286
1052
702
-528
602
-503
424
-1284
-439
-1
551
315
-57
238
280
749
721
910
472
-84
-588
-169
149
-445
362
565
595
-272
494
-134
-398
437
-542
-319
1058
860
-105
267
312
-188
561
-66
590
-219
-486
229
297
511
-471
171
-47
557
-479
155
410
-66
68
672
-886
-710
-443
316
-141
-222
-5
-367
148
-894
-1066
-127
153
-527
-350
-443
292
626
-970
110
527
273
-769
408
-112
519
-4
-400
731
63
-960
-720
-273
-69
-269
643
457
-199
229
156
-491
585
187
168
117
-366
974
329
1015
370
-958
793
101
-466
-1043
46
-186
-58
-96
-604
-313
1000
184
542
-464
-323
-324
-164
130
331
-599
344
-651
186
-233
-159
440
565
-278
196
-685
650
711
109
-186
280
-188
-480
2
502
42
-520
-159
128
370
-417
-12
-473
-324
-379
343
-561
216
-258
495
52
-383
-256
502
618
-235
-490
325
472
7
-109
317
212
687
429
418
-106
-31
995
467
720
-413
718
360
96
-262
205
-385
-346
102
26
-80
320
745
769
-290
-537
-740
50
-320
-1064
-528
507
-184
-176
40
-300
396
639
679
-703
-76
-293
-149
445
-675
-498
-863
84
-710
786
-279
284
716
959
-435
-508
428
-110
39
366
-22
351
1033
318
-372
-623
-487
205
-302
-217
-470
408
-279
-200
626
70
-276
-665
71
-458
-467
-72
435
-487
-304
-553
71
806
202
-166
223
-253
344
529
-764
-179
88
528
717
608
927
1676
138
-786
399
-326
-805
442
798
-4
1016
439
-71
525
-547
-478
-190
154
-642
448
79
147
-29
309
-107
816
-308
676
171
1
-618
-637
314
-391
36
87
373
21
-107
230
787
454
331
-1462
470
-519
-229
-548
-617
-140
-812
662
-655
-72
-1242
-1
-257
-869
-69
661
350
478
-178
-664
601
-95
1434
123
423
-34
370
403
-684
538
-686
183
-6
474
397
-452
622
-178
751
-267
-108
135
446
-661
-354
-130
-326
-104
179
517
781
-579
-12
-256
217
566
4
23
188
-96
-379
-535
142
379
-486
-359
-730
-56
-180
638
30
116
-361
148
-1018
-248
308
788
-31
770
1149
-130
386
81
160
-467
-197
-519
30
-574
-604
-585
182
-545
-845
-113
-297
-420
-941
422
-12
362
1116
-967
104
938
-1244
432
-55
109
-578
-394
-104
-458
-122
-175
642
-19
-507
-461
-126
-560
171
-410
465
112
44
-50
216
404
-143
-750
-649
-473
480
310
288
244
234
58
746
388
78
740
-720
-56
112
-625
-30
-673
-36
-153
-488
-331
567
-206
-474
-932
384
868
-315
397
-1036
249
-420
99
-595
97
-401
-614
41
-586
323
-85
1
-553
-373
-1090
-26
804
-755
142
-68
50
-1006
-70
-513
-459
389
-704
-369
598
-528
-246
-303
-786
-189
-1046
-802
283
-952
176
-75
714
175
-332
1175
1279
-432
361
32
-247
-282
943
-714
913
743
-373
-222
-1163
-373
-2
50
-124
-105
-444
-881
133
658
164
-2
-175
475
-462
38
47
-512
111
-352
4
-782
243
-29
63
-457
-259
669
593
372
100
-720
-153
257
-41
818
-485
61
-602
-443
76
586
-283
441
175
1152
-676
391
-130
-454
-676
764
-282
-351
169
-39
578
-373
-1372
-785
738
-867
86
847
522
181
-113
-262
591
-553
212
-576
122
134
-87
39
586
17
160
689
904
-54
-207
-677
175
-275
207
-841
35
630
-208
-41
-531
-193
-90
301
360
140
325
684
-1394
122
-599
152
-813
428
-285
-85
574
-136
-5
679
-675
-689
115
144
284
197
1325
961
-501
347
47
280
532
219
1174
-308
-802
418
490
-338
313
-8
-199
-733
31
-621
88
-563
-6
-156
-17
-78
-300
-195
-151
481
159
-537
-50
55
-176
602
742
491
388
294
-749
-393
-278
110
-620
323
609
694
894
729
272
1443
-856
1167
328
491
18
-576
-20
-756
147
496
783
-151
249
458
0
-655
242
547
-164
-427
105
363
182
-608
93
-733
6
588
-265
-221
-242
277
-1263
325
-100
91
7
360
333
15
605
-7
781
463
-372
-223
861
-36
-274
320
-32
-837
-73
-130
341
-281
142
406
432
-1
579
120
1025
-750
-1125
190
-311
439
685
65
-433
418
-245
153
120
-698
-714
-104
1039
-118
-649
475
-141
-142
734
187
-844
-616
76
79
-490
520
-718
-793
-371
720
231
371
-1287
459
80
1032
-702
-701
-167
523
-945
156
-450
539
-672
811
499
-534
-631
-227
-225
61
-309
-523
202
-256
41
-153
736
-1221
-591
947
-259
-210
37
32
531
-441
-657
-303
418
250
712
-271
-645
658
114
1147
-503
902
-334
-680
-436
177
-79
-277
-118
1489
457
-128
98
-326
251
-665
48
-306
523
-417
-74
1228
621
-412
-384
811
-4
-455
-526
5
-301
663
926
-162
-462
-605
693
-57
385
482
428
271
583
350
-237
-249
696
-448
-19
-929
-573
567
127
-369
29
-440
196
-241
-746
-111
-323
-113
501
-428
-685
-373
428
-580
77
412
-345
349
252
226
-321
-605
-64
424
-302
62
-540
22
-397
494
-416
-134
105
-705
99
-614
419
87
229
363
794
-728
-0
-260
-286
-254
650
-674
-28
272
-472
62
-371
123
301
145
436
-1160
314
273
-260
80
322
580
558
237
530
405
418
679
540
-28
241
-185
330
284
-141
63
-73
108
264
-93
1123
206
-280
-11
-138
704
425
851
227
109
-539
-360
-730
733
-1174
404
-305
-186
234
958
7
812
262
-530
-834
-346
1158
-842
-416
-648
678
13
-208
-661
-833
-1214
-335
604
-2
467
-45
470
-162
45
302
246
17
289
-930
-1001
-75
-705
-58
-805
160
-30
-92
-358
-317
81
584
710
77
-216
-200
16
18
-273
-133
-829
471
-84
305
-792
-4
-31
58
558
-775
-228
85
0
-831
399
508
579
-1439
-26
998
731
328
465
-546
-191
144
-655
-835
468
-829
-296
179
256
537
105
-109
232
797
36
27
870
128
551
-659
278
588
-62
673
483
104
-825
-123
30
496
-195
194
-930
231
-25
305
637
-1395
-243
-105
-5
-11
1151
441
710
326
583
-668
-508
68
-499
165
-174
592
336
-1229
-580
245
860
-382
-409
416
553
117
-1070
-631
-489
576
-382
-27
315
-791
-983
-220
364
109
-58
-433
-9
-405
408
416
-594
34
369
233
-248
870
416
202
-118
-112
42
81
-255
236
480
304
683
470
-539
779
-974
-128
244
-296
500
-353
122
-315
-750
650
198
-1089
-170
-159
-299
568
-87
-804
431
-54
223
298
507
-729
43
425
-813
67
593
1117
255
547
-258
815
-494
321
-239
-426
-327
-14
692
45
389
375
234
-89
-455
181
305
449
-304
5
-102
329
406
-585
-215
607
709
128
-80
190
0
-624
645
494
-429
-22
-702
275
-603
-434
-187
-38
433
-252
-370
421
242
520
75
-1218
297
-361
-228
165
-624
-27
-85
153
-456
57
-3
244
-330
335
185
-618
37
-193
617
550
281
-1081
1278
735
-43
-154
-359
461
656
219
275
-166
485
-406
451
304
728
-285
108
66
-542
614
-530
1042
443
441
699
-679
-659
183
408
164
66
-268
-623
240
-85
425
-756
-647
-431
-460
519
-33
-125
-767
225
358
-476
-344
-305
548
-386
816
16
281
851
490
-920
470
-278
-276
222
-354
8
-139
-281
-82
875
341
-504
800
-347
-437
-140
609
-506
600
-500
-1078
-1004
-128
-283
-24
217
478
256
97
-252
125
62
13
116
-412
-521
789
628
-347
-47
-569
320
-275
359
-779
-95
-644
329
-626
282
345
323
-287
-544
151
277
-40
485
-398
-473
184
32
-775
301
108
234
-463
-472
118
275
439
1084
592
546
-147
-8
314
-728
943
156
-444
-170
-467
491
-526
-120
748
83
-520
675
236
-476
376
125
-187
524
344
120
-810
303
315
-388
82
-1168
40
-400
348
-244
250
-980
22
-340
-3
539
-821
-698
-265
-406
440
-119
-457
755
-205
-151
1260
298
183
-321
635
427
1186
-333
372
343
-695
155
-401
397
-803
-304
1208
638
394
-83
-479
96
-422
740
107
831
345
-784
-1051
103
198
-632
580
-398
270
-149
-352
-475
-1597
-394
534
-397
198
227
231
131
-235
89
-100
-541
-412
-175
783
760
-158
88
-808
-145
-451
1226
-752
-124
-481
179
698
-710
-318
-662
-660
-259
-40
7
24
15
132
-793
63
762
-258
714
-108
-756
314
287
-448
310
-831
-111
405
695
-439
-681
-312
-221
-248
-572
-197
-679
585
380
-444
421
461
-206
592
378
749
-148
-413
-532
294
-156
-211
165
-260
285
-387
461
-685
-139
-767
-299
24
514
66
164
328
-250
112
70
263
51
-408
82
-21
16
-239
-412
570
-186
358
375
277
-282
51
-99
-96
497
-334
-831
317
-316
42
208
-79
687
-415
-573
-910
-156
-266
373
169
-221
-196
387
-337
-14
-57
591
-155
-604
863
336
545
-513
-567
-505
303
-136
210
1211
489
182
947
577
-496
513
-281
181
184
-250
186
991
186
-29
-772
243
186
-143
-3
-456
430
-495
439
-325
508
-461
-901
-780
-495
-97
353
405
246
581
-285
-43
12
159
513
1256
23
170
897
-362
337
-334
-49
449
-382
-539
317
90
-755
-79
557
80
-755
-246
-331
-155
516
-145
-226
828
-40
-352
117
-29
-142
205
-545
-3
159
639
244
-573
-347
148
476
252
-155
767
-135
346
1654
267
757
-1253
199
-448
-556
-356
-117
-223
-378
142
-279
753
-270
-141
500
-909
-107
1311
567
849
141
286
-481
-114
609
161
67
21
-194
537
-418
250
82
404
-96
296
-240
134
559
71
1943
-57
10
-309
748
-82
446
823
1305
-83
131
-232
167
197
-69
1044
331
-359
-117
-593
-173
503
-499
12
-516
1173
-641
535
355
-516
64
-1209
-387
-86
-144
302
577
27
-154
262
330
1063
-509
141
-277
-340
-495
-17
-305
-182
443
-682
-212
-492
49
807
4
396
935
-232
440
329
-512
-248
-75
151
26
-13
-84
183
385
-116
-584
-380
-857
-63
-133
-97
437
-982
-29
-153
75
205
370
-691
298
867
-722
-30
793
-59
381
-134
691
10
-1295
-831
-288
-101
-989
-114
-165
-607
-568
-632
-114
273
-359
-813
-688
-524
98
665
67
418
-399
473
-195
-366
629
-152
-591
95
-210
-77
-785
-81
906
748
277
365
375
181
-26
71
430
-324
-86
312
-112
174
-194
-592
-141
-399
341
637
265
48
-672
-361
520
-992
-695
-439
-6
414
-37
230
847
174
710
40
247
701
589
-198
-49
455
310
-170
39
599
906
579
-102
-98
-6
-732
-267
-611
-91
1420
-107
41
131
-73
-46
686
264
-208
791
-19
-275
147
564
26
-568
1250
-731
-160
-20
352
95
188
-485
-800
525
383
77
-291
445
277
219
-775
923
639
343
-404
768
275
53
258
-348
530
644
-425
50
-366
246
126
360
-354
118
348
-149
139
212
190
821
-655
-41
-300
-602
461
546
-443
640
-117
616
385
438
52
581
323
-205
40
-25
-150
203
54
-337
189
328
248
773
-34
-48
121
99
742
-426
-31
-700
188
-107
670
199
-560
-271
839
16
89
116
-607
-940
-373
447
295
-610
26
116
653
690
34
164
352
-664
-25
291
-282
-28
759
-927
673
560
112
-330
973
437
-80
525
216
628
100
271
814
753
114
-341
244
218
264
-433
-638
190
-114
-482
50
-1782
-67
442
-102
-336
-302
333
-218
779
-131
196
-494
237
-1
603
-26
-697
9
37
568
-564
-234
-670
187
-363
51
70
-977
945
253
-168
-2
120
389
448
-645
57
117
-204
501
-728
417
-915
779
67
-750
-227
-112
551
-276
593
386
-133
445
-640
548
130
918
-849
13
263
-1044
193
-595
725
-57
-187
-346
-716
-847
-740
-433
-292
625
-590
15
-429
210
59
274
-822
-42
281
-208
-126
757
845
0
841
283
165
-151
216
-808
-923
353
-102
147
-493
-319
-89
-403
725
-93
83
84
675
290
672
-322
296
310
274
-1311
-875
-95
-110
-302
518
-289
90
866
43
-12
-161
1050
-341
-707
-153
130
111
-985
786
-10
597
-403
-205
-285
-1139
37
-114
335
-250
-128
1161
632
-522
175
-211
95
-356
-160
120
483
359
-298
667
-494
-142
152
-479
836
-1035
346
945
-569
-775
118
60
-432
-339
-215
189
-409
-622
-390
-33
-123
614
173
625
429
-1053
-173
304
370
578
-64
26
713
-30
-702
-465
205
562
159
518
439
300
409
-151
89
-532
-921
-18
-428
134
-189
-25
-341
83
172
-451
251
196
-353
309
-288
997
770
316
20
440
-563
-116
-355
-348
-63
166
-92
345
247
426
-451
-815
739
-165
300
-812
-572
115
-33
417
-505
-52
326
-247
-570
-542
-849
848
-384
-201
469
-609
-367
-152
922
22
187
272
-163
-582
286
678
52
-455
-890
-830
-327
1124
-41
-381
128
-293
188
907
-24
-65
956
377
184
584
353
-724
-161
-465
839
-335
-932
-66
1406
-910
-112
549
193
-73
-389
149
-863
446
-562
-161
560
-779
-705
672
-310
215
-639
99
416
-199
267
-397
323
223
-563
348
-5
-237
1031
532
513
997
-73
-103
157
-463
-94
-689
357
-455
1199
-604
-195
22
481
-56
-767
841
-115
-674
-329
-477
-12
-278
-190
-397
279
-536
73
-194
-67
638
879
66
-75
-286
871
155
-17
-104
482
-156
12
240
-612
-449
-80
-2
-104
671
1301
-37
674
50
164
64
-712
-459
413
485
-108
-287
858
37
-72
-4
-393
-650
398
244
-705
992
279
537
4
345
-549
858
105
-191
72
36
-87
417
184
-14
316
-63
-96
-1093
16
-688
-28
-318
729
-339
-327
-659
191
-177
-204
-759
106
-539
-527
443
317
407
96
262
685
621
-1011
-200
-288
-241
77
448
-106
-23
48
377
99
852
223
-863
-525
-838
519
560
-84
176
664
277
-424
-318
479
361
-518
985
1210
519
244
451
357
-517
595
105
-218
-933
-881
459
-11
-1761
-128
-368
887
361
-697
550
-1127
-491
-892
334
266
44
286
9
-697
1105
-625
-417
-248
-131
-337
952
718
799
-287
-512
160
377
-324
80
187
-180
478
101
-572
445
-552
-145
-605
-270
169
-416
521
-151
419
-1389
-925
-432
-499
549
168
-531
607
-49
887
-311
254
197
567
-216
-1165
-653
396
530
80
70
343
284
-53
-978
335
-364
167
-1060
230
-707
817
689
-578
-332
-215
412
-611
-246
-562
117
-214
195
190
-379
-278
734
303
660
-201
-333
10
-225
-57
-738
-594
329
-128
886
-56
-377
2
1111
-915
177
257
323
370
-937
762
1024
1165
717
925
-301
-1395
439
-211
-855
-137
81
619
558
762
958
-1449
-626
-1197
610
453
159
-110
500
12
-265
-411
9
232
91
-113
-267
153
-1013
106
-914
-717
994
-1202
584
334
272
-596
-245
162
-501
-141
-68
-528
268
-271
450
-257
11
155
147
1101
195
-179
399
-836
-408
880
34
-781
-213
-134
-249
-282
366
-130
151
-554
-1211
-249
-55
29
121
257
264
197
261
-764
31
172
147
-154
-509
-172
-160
-307
175
-242
89
-293
-78
185
-68
-416
-357
370
576
475
-160
-196
-201
68
-156
281
158
-233
-369
554
-767
-1332
56
-966
1861
-33
-53
-738
-1022
-93
-14
523
802
1037
-164
-314
391
-780
622
-467
661
17
-772
851
-53
376
-126
413
-331
-868
563
116
1248
-127
-140
-102
877
-274
431
372
-1171
-405
-310
-143
-608
-191
-706
-852
112
607
376
126
992
248
261
-668
-301
304
-803
-10
659
496
392
-174
410
24
953
-39
-176
345
235
360
354
-288
-572
-136
-992
-182
461
856
-895
-198
150
97
402
335
744
98
372
16
24
98
-88
-113
85
119
-54
129
-119
97
679
-839
-840
144
-655
-43
-469
-375
4
336
-68
499
-352
-308
688
1154
105
975
-246
-413
85
225
747
674
-904
-363
423
459
-32
-289
-312
326
326
545
801
-501
-239
-86
596
-286
860
-456
293
-88
63
-795
-225
-51
430
35
-557
-941
-165
-1071
-1389
366
487
-378
-358
-288
-732
-454
1048
68
-903
-211
390
-9
-402
-198
88
458
382
276
-435
344
769
-305
-705
886
-217
59
-923
-467
-938
-771
764
-1105
-225
-58
312
349
-804
430
107
-377
75
128
-863
572
369
958
296
834
265
319
-79
95
453
-142
180
-20
-58
257
412
-380
-284
-788
-174
1059
-1038
-127
-293
182
-330
38
113
-173
-752
-670
1100
749
-351
297
-996
-128
675
239
-1266
-1184
-830
-43
270
337
-203
-294
-469
213
969
-466
436
-418
-162
-394
-242
-843
420
243
-542
304
13
247
258
213
-229
-502
90
-353
1124
-850
567
330
-341
-87
97
-394
-681
-231
65
344
-451
331
669
-589
270
380
-50
58
-143
471
57
-170
438
-52
-371
202
-198
-367
-824
405
-130
909
-403
173
-877
-298
840
159
-99
-79
626
-88
-434
-365
-507
1060
-863
-36
759
-248
-500
-77
378
-258
58
-1026
-1397
-83
-77
-411
-177
-364
673
-667
7
92
-286
152
99
425
294
109
-832
265
191
-366
-305
-689
608
-292
-76
-178
-82
-132
758
840
-582
-275
421
140
-225
-362
679
-300
139
-260
-295
211
211
96
-440
-181
63
1268
511
62
-302
39
-452
-914
308
-229
2
-390
261
349
-199
582
176
-299
-365
64
-46
248
-4
84
-320
767
313
-1062
-573
-255
65
413
141
-544
-335
338
-687
390
245
-792
-621
517
-311
-508
459
-958
680
-786
-479
-212
-625
-121
-585
-5
-101
-389
650
146
297
-651
55
-487
-206
-51
72
139
462
584
370
399
431
233
-1343
-571
34
-512
669
348
-642
-388
-1167
607
-614
135
793
270
-1082
30
-279
-4
341
365
89
-862
139
248
-543
-514
58
-408
470
-833
913
119
-93
200
525
-103
519
-331
1006
517
131
136
53
-136
-836
-322
51
275
1
605
-547
-474
-134
-587
-237
807
73
300
575
144
528
-73
307
241
-47
-19
-718
475
77
-215
-141
610
72
-447
-939
-328
-445
353
-898
1045
560
478
-163
432
-692
95
-649
-103
-243
-272
600
10
199
119
-747
-232
324
-613
-592
-857
168
-247
505
193
-813
406
391
123
-1019
413
746
397
-475
-120
-940
565
-923
333
-597
-348
148
-862
-535
-38
-50
225
-115
-680
-220
-319
-105
-42
520
797
236
-659
-175
1802
-451
-436
564
-425
288
-782
90
-679
261
-104
-673
576
-220
118
73
740
-176
314
622
491
404
37
-244
-395
-399
315
-36
41
-725
782
-209
582
309
-336
-45
-55
-1028
272
-239
-533
90
508
-417
441
643
156
-82
134
89
-340
999
-786
-298
-620
-136
419
439
81
-417
724
-17
-236
192
-730
-148
794
505
-295
295
357
-446
-182
692
-305
-23
751
-458
-321
-499
-226
502
296
-651
837
200
-327
-4
85
-483
-183
-439
-802
275
306
-132
-807
-156
-40
-783
316
-3
285
-202
338
223
21
-848
191
-553
-96
-885
55
-606
255
71
-30
86
338
213
126
294
-991
-263
-541
39
471
24
-103
69
48
18
-900
246
197
-214
386
208
445
661
416
-59
-306
-740
74
69
1001
-238
-456
-119
777
-523
866
231
471
95
157
227
553
-395
-650
326
-424
-463
-642
551
517
-68
-232
-1190
272
299
-458
-90
-781
-224
423
-18
630
484
1088
-354
-1443
246
-772
-386
-87
34
-440
9
199
-546
-549
-147
-167
559
-790
-13
692
354
-281
-430
30
-560
-298
-436
-1253
121
-616
-406
262
-487
115
169
-856
-1220
-1027
88
92
-29
512
-748
122
10
484
11
-633
552
548
132
-665
437
387
-595
195
-318
-788
-112
287
253
432
1531
-231
1468
-434
-61
-303
402
-564
-13
412
-361
6
436
-99
-1225
-1062
370
87
139
720
53
-15
-505
482
137
-477
380
600
318
112
661
558
-408
-2
-233
-1
-634
169
-626
-433
-535
456
-310
709
-519
-506
2
-662
-88
-506
354
115
-519
-106
-385
-259
-109
995
345
-852
-666
482
-38
312
108
-226
-703
-579
528
-590
-22
310
-485
86
-8
-126
673
-551
-472
-172
621
811
-297
-438
-734
-156
-606
17
-810
514
-545
442
-384
-163
-490
62
679
1141
436
-260
-463
670
-932
503
-838
300
64
295
732
341
-356
338
887
43
-138
379
-208
-126
486
76
405
-1033
308
-272
-612
-294
252
-123
-198
107
-32
586
-16
-775
-511
-2
124
48
824
-537
1384
-151
-181
-24
537
704
-102
-211
-631
-182
-622
-219
-83
865
450
313
19
-313
345
118
-211
-145
1014
527
522
953
-247
-927
326
760
-305
-431
594
337
-556
458
-670
1151
-219
299
-513
116
455
-691
472
241
-813
220
222
-151
394
-270
499
631
-290
837
-88
-241
-966
-894
799
57
1148
201
527
98
-228
-265
477
533
-486
581
273
-443
-381
-387
361
232
429
219
600
-4
428
-281
-2
-313
518
-648
550
-353
667
-576
260
19
-538
-1039
432
344
-927
786
55
8
380
316
-4
-2
851
752
590
-224
-287
914
249
-180
832
698
450
854
436
-1
225
-1060
671
-170
-562
49
-802
-340
-232
614
359
-371
-956
359
-782
-187
-17
580
-236
-345
334
-934
438
-1120
790
-505
656
-917
270
-776
-246
-226
-683
-11
-293
-555
-565
-18
589
-896
316
-531
-433
839
402
169
399
7
405
72
768
111
-320
-37
530
911
-239
286
445
-1169
8
-540
-243
-202
155
1052
756
820
49
-137
194
803
-97
-54
530
66
-161
252
-763
411
51
163
-1067
-19
-40
-599
-351
-448
265
591
-805
-162
-570
151
-932
6
399
-317
-371
97
-638
68
514
134
-84
474
296
-55
-481
-831
-807
-219
128
-91
-309
-88
-696
292
-501
-367
23
-1311
217
356
-575
1150
-88
14
-807
-461
-148
-366
-1455
113
-864
1093
432
288
223
667
449
234
311
-459
-32
170
-506
-728
252
-611
-168
65
88
218
-138
-593
-1230
-275
-134
3
496
-510
-188
90
195
636
-513
-221
209
-280
666
347
495
186
662
-371
-231
-552
786
69
388
196
611
10
228
292
-10
98
-200
66
406
-223
350
42
-1158
272
1370
562
270
-535
68
-596
-773
212
-407
-63
66
484
286
-97
711
346
-22
1509
421
-287
-85
822
636
-275
88
-30
-58
750
-137
-18
48
161
-444
214
452
-422
470
305
119
575
-123
-67
385
-265
-305
-81
1069
-134
5
957
-688
-25
215
-51
-7
-503
-630
277
3
-328
471
168
317
76
90
467
3
-179
336
-417
157
-234
368
-205
-812
1117
-593
429
-359
83
664
331
482
-109
-559
139
411
-31
842
-5
505
-489
351
-60
-393
-69
419
-256
225
780
241
127
186
-70
-821
398
-637
202
-1230
-680
-238
1075
251
-756
353
33
-147
-524
-1485
-158
24
-196
-195
155
455
-212
492
731
674
-44
84
-272
-326
1026
-83
-1014
-135
-328
670
-754
-260
-482
565
-200
-253
27
344
-604
-253
-193
406
-6
81
284
-924
400
